,PIEZO1,UBE2Q1,TTYH3,CAMTA2,RAB2A,GTF3C6,ZNF222,DENND4B,POLR3GL,RARRES2,MFSD4B,HCFC1,SNX33,HSPA5,RSKR,APH1A,PLXND1,ENSA,ZRSR2,NUP210,SNX20,C9orf78,PACS2,ATP5PF,TAF12,CSRP2,PPID,CASP4,ARHGEF10L,APEH,NCOR2,RSL1D1,HNRNPM,CIR1,MRFAP1,H4-16,SCNM1,KCNC1,FOXK1,SMIM11A,CRNKL1,RAB7A,CAPZB,Diagnosis
RNA1_FPKM,12.56315439,15.33701028,8.389547122,9.998549464,11.8523612,17.13799561,1.187189828,20.30515132,13.573306,0.019786371,0.22359452,7.467225513,0.711854331,129.0992297,1.523378298,12.61748952,4.414356758,9.77004011,23.10365508,32.08661084,12.91857862,11.64498286,2.948190658,10.27132289,10.92622612,0.020944444,11.6330195,16.73944058,1.79376811,9.489368379,6.228702795,9.552632674,14.60922824,29.3528369,7.209242007,0.574427116,9.512620175,0.008975852,5.918012746,1.00699955,5.068638096,17.19001634,8.502860739,0
RNA102_FPKM,16.72665929,16.49921814,9.847642372,13.73129326,12.10296111,8.745235249,1.158408782,24.96547056,10.71555597,0.075071412,0.27540542,5.435966139,0.851460746,119.0488475,1.288073198,9.744356972,6.26499126,7.680520286,13.68988285,34.22842867,13.8656799,10.48941111,2.726985026,6.620505062,8.053134513,0.119207373,13.26940802,27.33112401,1.645968835,7.457521084,7.56605553,7.225885567,10.11804141,32.64185249,16.44235326,0.705208162,8.154347575,0.036898615,4.837702128,0.672243381,5.657577705,19.25884456,8.096502594,1
RNA104_FPKM,15.90350143,19.73275742,10.78794442,9.977270474,10.71787561,10.6082198,1.201114887,23.38646073,12.23674302,0.018441677,0.314213836,7.573507441,1.254570935,142.7862975,1.277601604,8.928350053,6.056595563,6.752809279,14.80536068,42.78668274,14.6541214,8.329702423,2.920733285,11.45933641,4.797327854,0.078063244,10.89246199,22.77011153,1.908567402,7.297500683,6.29788522,7.557166385,13.37236399,24.14789089,13.42501212,0.519539313,5.980740146,0.016728704,4.554678959,0.834104577,4.790836765,19.83104814,8.062852226,0
RNA108_FPKM,16.9889054,15.33517082,9.232865196,12.53266355,10.83386229,11.02206217,1.476385683,25.19332613,8.822164885,0.020021591,0.270129249,6.734450361,0.53257744,115.0078213,1.360968382,10.39724762,8.677840459,6.629265108,10.32572513,29.32094809,16.51307176,9.643045841,3.545099877,9.171933631,9.396552884,0.021203485,11.00899491,22.85656015,2.627774325,8.46273059,7.076556525,7.483265772,11.95956325,27.82584775,14.75908435,0.581451784,8.849862405,0.021198378,3.898898694,0.785233074,5.44890845,19.57747598,8.20182035,0
RNA110_FPKM,9.632752893,18.56545826,8.118813298,11.14404826,11.37280473,19.77346875,1.315015872,18.31366555,13.73533288,0.149672106,0.255750246,6.024291421,0.519453953,131.3232786,0.626279861,14.99811519,4.838558698,8.794480078,16.90525014,24.66170058,17.57895373,13.4438645,2.975976443,14.47502701,10.82330258,0.009899769,12.58996711,21.89096786,2.491731769,10.86170438,6.163745326,10.90512892,15.39747354,32.98048672,25.2910619,0.207677564,15.03244748,0.005656798,3.799082678,1.311881089,5.444667976,9.001535546,10.65491632,0
RNA114_FPKM,13.60393333,15.52504923,10.05845341,9.6860953,12.92736179,9.536747524,1.314585214,21.39662767,10.1744553,0.034859608,0.289063541,5.967476397,0.674715539,137.2502083,1.073448782,10.14721063,8.40569961,6.824129669,8.95397137,25.01087273,18.62187745,8.89918993,2.520534873,9.716340767,8.779719656,0.0,17.06103543,25.23001401,2.200465483,7.980012564,5.615578283,7.277452867,11.33909294,29.17171664,19.22376409,0.505972382,9.373885559,0.0,3.896878435,0.755568051,7.703684366,11.59050254,8.944058357,0
RNA115_FPKM,10.95440303,19.79323282,7.957216921,10.88948753,11.35724958,22.28886253,1.032204264,18.9133982,15.49120251,0.038844398,0.136292636,7.625680546,0.744339092,95.99922577,1.189801472,12.40412201,5.188451801,11.32680851,15.42167678,36.66829301,19.72889309,12.96594494,2.707012971,16.04916781,11.7199472,0.010284536,17.39019962,19.85501606,1.639138411,12.77617438,5.625772667,9.552973671,15.70823772,22.52418907,26.34684223,0.381450733,14.17539399,0.014685862,3.938364052,1.317981231,5.723576901,16.64213928,10.13631479,0
RNA116_FPKM,10.83083556,19.68774257,3.928500077,9.07578214,12.53826437,12.44003061,2.409148595,22.23051298,8.532638978,0.0,0.248921286,6.616943725,0.85140661,136.6208267,1.364876103,12.50815313,7.367460371,6.05677718,11.66233175,32.7473962,16.68377685,7.177926601,2.529098917,12.52676485,9.888907503,0.0,16.12344053,19.13149844,2.094510249,9.022902291,4.347221201,8.121547675,11.89537384,26.86455263,21.50719284,0.574632899,6.076350564,0.0,3.57832566,0.805871185,8.821653019,16.48177266,8.576881667,0
RNA126_FPKM,9.119144018,19.82438826,3.623484172,5.844197963,11.30818208,12.86851763,1.883640145,16.57140238,14.26780511,0.0,0.358662198,4.174199258,0.421863058,190.1419134,1.651802001,10.67675617,6.351301423,6.862286713,9.223173617,29.94728964,8.369601192,11.38810098,2.189915358,23.98043712,11.6678183,0.137454713,12.33990457,20.90262005,1.257903832,7.160654201,4.257689543,9.283116744,12.7366554,24.09794695,22.85669076,0.204703158,6.248794873,0.0,3.334352228,1.009210436,6.754344515,17.92468186,9.662887892,0
RNA132_FPKM,18.81518896,19.20659267,4.912359615,9.739162972,8.27536715,17.38112409,1.006595917,23.87387142,10.18487332,0.0,0.231879741,8.014194896,0.604656341,133.8964294,1.526569628,15.31600398,6.91192721,6.522390337,16.94704257,35.45114972,12.70520493,10.48786718,3.584377245,12.19236018,7.774250034,0.010362222,12.50549919,14.33186814,2.503478607,7.667524124,6.295928036,8.128588485,13.38194798,18.87106854,14.25114186,0.935907885,6.867038968,0.008878277,5.276557422,0.900188374,5.289078214,16.23353538,6.779730098,0
RNA140_FPKM,16.68968909,16.49773595,16.39779893,9.71292135,9.897937324,23.29753648,1.238173408,19.69248341,14.57908107,0.076022268,0.223447449,6.378779268,1.077736283,106.8865271,1.06889193,17.13575849,6.115177077,9.677480194,13.0429183,26.6274092,11.89257642,12.5711883,3.235437085,12.67800561,10.91665227,0.0,10.55541173,15.73737047,2.876007504,12.80012168,6.626354636,10.18345903,14.03368677,19.15157124,22.19197592,0.876393363,10.55337061,0.020117954,5.0031219,0.952998141,4.82247727,17.74885404,8.017021344,1
RNA145_FPKM,13.08859117,18.06804689,11.4264432,12.25070494,11.21155878,15.2462246,1.247581615,18.54319839,11.26240156,0.018200245,0.174091453,5.651963194,0.761260216,120.9783373,0.962242304,10.94940061,4.945523607,8.913507873,16.21050051,22.77884631,11.65770241,12.68579404,2.997445189,14.41241036,12.89183577,0.0,11.75322248,21.97990478,2.081179759,10.01123848,6.997758734,6.748343793,13.48205136,27.08378086,22.36298471,0.466045493,12.94701473,0.008253975,3.983810544,0.857341892,4.81629622,18.32486727,9.011919238,0
RNA150_FPKM,21.51503195,15.41131117,16.09214424,11.61593875,10.00631925,12.03324761,1.727026852,23.19932812,8.614764816,0.0,0.411298433,7.571118762,0.858810739,110.0654835,1.807523351,9.246069761,6.387727369,6.617382039,18.3503537,33.12327645,17.29517003,10.88668192,2.719959647,8.510572517,9.313500281,0.149284137,10.24725872,22.81611617,2.337999547,7.821844781,8.336491439,7.39128379,13.35692644,30.89001304,16.36074963,0.946225068,8.886273311,0.024372002,6.54491422,0.964642444,4.200502368,11.06047875,8.211041837,1
RNA151_FPKM,16.49184338,16.31968216,27.83599477,7.555694113,10.02972613,18.35815156,1.331647521,22.49982893,10.92811885,0.0,0.190969834,5.910446836,0.798259787,113.3713182,1.167089993,14.62837778,5.122674198,6.552481735,15.31704328,21.34409599,21.36624008,11.01652004,2.363609259,12.17804558,10.27552692,0.076488299,13.97343916,36.52128254,5.788485596,8.572496335,6.105072384,6.790626695,10.80112271,47.6922163,20.9223738,0.077129882,11.09158687,0.0,3.772750641,0.681022208,5.069390406,16.32299303,7.238763588,0
RNA152_FPKM,22.50491188,19.46321858,12.64484957,11.00024041,10.84401756,14.40666002,1.400186158,25.5914483,13.75132419,0.083760307,0.232840321,8.934688534,0.876286183,114.961919,1.493210255,10.972054,7.02684813,8.891390659,13.09201594,36.44671208,15.24228819,12.83011037,3.555748043,12.50961268,7.332922225,0.044331351,13.46979153,18.92545742,1.884758495,11.46049284,7.736851083,7.824929633,15.9140107,22.66172643,18.97167613,0.035770599,11.50673185,0.019000113,6.051752811,1.034252977,4.225244809,9.852615742,8.984059911,0
RNA155_FPKM,11.96145183,15.90299193,11.36801201,11.2164595,11.70057022,20.45481113,0.901145309,18.66769111,13.3784523,0.0,0.186296632,6.464486106,0.761341913,114.9475128,0.997122809,11.35413505,4.040643,10.38063491,23.18771905,22.37231873,13.62396789,12.14568668,2.879602599,14.31533484,13.60710297,0.0,11.19819314,21.025381,2.438900413,9.671322995,7.157297178,8.517656038,16.2251124,34.66243279,22.30886538,0.465472861,14.06420464,0.00588815,3.92522792,0.880749502,5.046854023,17.6907487,11.27601655,0
RNA165_FPKM,21.57992437,18.02572848,13.82760138,13.01381561,10.03625803,13.47679466,1.237711052,28.65382011,9.508595822,0.021873591,0.330970272,9.326758466,0.958210408,127.5578081,1.713716008,12.10018713,5.426903372,7.529038992,11.24020072,39.80914608,10.76810044,16.19922561,3.566205634,9.988031467,9.325862851,0.023153828,8.461525725,15.38910041,2.142055043,9.531604522,10.03781502,7.104394704,12.9464391,21.77297406,21.21839919,0.616486449,8.490610486,0.0430056,8.366201408,1.105204298,5.069419681,19.03498307,9.219912251,0
RNA174_FPKM,19.59381392,18.37022963,14.73868618,12.37650244,10.6244331,13.62398992,1.404799569,24.16910238,9.296845222,0.039975814,0.499065648,8.235464371,0.969152007,104.2291405,1.846534859,14.8851184,6.24256542,9.55498498,9.658017246,35.48309332,12.23777114,13.10699629,3.196639976,10.43198872,10.40047128,0.031736665,10.1366728,18.9741787,2.918800942,10.13013056,8.009209776,10.19229657,12.51913495,23.63277623,19.98184214,1.348200187,8.318778979,0.018131181,5.324545047,1.017179342,5.193184134,14.63735107,9.153952815,1
RNA179_FPKM,12.67582888,15.08371764,11.84696806,11.81865768,11.34756346,9.850654459,0.981918479,21.81198293,5.83905936,0.020458547,0.22184492,5.036297011,0.679962452,124.7994582,1.170959652,11.87134868,7.830616175,6.253256422,9.995391068,22.59329026,13.89546768,9.035253139,2.202106604,7.680710131,11.49442972,0.054130126,8.578285831,25.27119108,2.137751544,6.45443009,6.86525428,7.402481192,9.515747624,27.65928535,20.00774268,1.222715205,8.057408803,0.03711752,4.42018051,0.539831633,6.678564916,22.15286551,8.235209676,0
RNA18_FPKM,5.792315584,13.92827683,0.545928415,3.517287568,20.00485131,13.64390539,2.844620621,10.87262053,11.30967666,0.0,0.207225513,1.778473912,0.120168012,213.7057553,1.84464487,4.808146288,2.459556814,3.977821484,21.04954012,13.60928142,9.936954999,12.2860663,1.22811394,22.40473648,12.72982582,0.140948481,18.48687148,32.92208621,0.601035567,2.595777085,2.397906386,10.20558585,13.48595556,43.8259119,21.98322716,0.892104595,7.27212361,0.0,1.913979597,0.888120424,12.21129824,20.2379989,10.35052208,1
RNA185_FPKM,23.57373705,19.84450516,13.14888255,10.99013747,9.580371039,13.35555273,1.103356423,23.65289153,10.97352672,0.097521966,0.321704312,10.05805104,1.021982022,195.7093679,0.985815813,15.81177886,10.24813009,7.324175641,17.06215147,48.02593286,11.38681237,16.27729103,3.311374025,9.680474164,8.934357084,0.041291926,8.924519687,15.15606504,1.723078975,10.54486258,9.671523343,9.32754957,14.43760083,18.19889762,22.19921671,0.249801183,6.907246088,0.026540537,8.129366697,0.874941244,6.057293683,9.809641553,8.071524553,1
RNA2_FPKM,22.47631192,16.67267188,12.363568,11.96618587,10.34993174,15.19251946,0.989958924,24.56706861,8.373647364,0.0,0.274016735,8.379189406,0.661881266,96.07550366,1.753058496,11.51759801,13.87110774,7.586384723,17.8853309,33.90438918,10.16739298,14.95595168,3.877556196,9.628813257,9.369920656,0.084310406,9.027222814,15.77730733,3.039301422,8.554666699,7.536494372,8.441140684,13.69869584,20.12589734,9.474979325,0.578101104,8.831775626,0.036133309,7.021317445,0.76569081,4.248764011,14.53772666,6.611037982,0
RNA201_FPKM,19.73969877,21.31970752,24.47806637,9.031850741,8.198757411,22.59723817,0.611106009,21.38655849,14.52239025,0.0,0.186059224,6.057309131,1.051837872,115.0794224,0.813605379,16.64540281,12.20537649,10.67993632,14.35010987,56.63990655,11.96949417,18.73654994,3.956521741,12.42118134,6.682736423,0.051450714,10.60541954,11.08602059,3.749825967,12.98987355,9.503903573,12.82033896,18.62208195,15.555701,19.59372036,0.235214567,10.8873146,0.009800629,6.889905744,1.117858998,4.576786808,17.48539589,8.18094674,1
RNA205_FPKM,9.919688282,18.56477751,9.555795238,8.834935504,10.39378405,17.53913664,1.025212245,16.26014761,11.07000769,0.0,0.21612178,5.778417067,0.669329551,112.2515544,1.470348071,14.510565,6.217043507,12.19128396,13.59540828,25.160008,11.94499027,13.17692095,2.797432792,12.28873251,7.07795299,0.032745526,9.261110857,19.43696514,2.019056444,9.317433765,5.991744493,7.424935371,16.25749837,27.58411243,23.1821189,0.563473977,9.419383286,0.015592521,5.112057371,1.135027034,5.295248119,10.25180902,9.181542565,0
RNA209_FPKM,13.93528597,13.92593904,8.39511601,13.37279171,10.25057468,11.944242,1.109913173,21.52960761,8.314829344,0.043155464,0.237975834,6.312880033,0.565434241,108.3468554,1.126971055,11.96690015,4.504329903,8.713061932,11.59165214,29.37363043,11.57033855,11.12869086,2.880347463,8.839593544,10.15506838,0.034265972,8.132669091,17.44514661,1.451340973,9.48939385,7.289523264,5.79598403,14.11587113,25.67469644,18.52460547,0.22113285,8.928953538,0.006525655,5.287436309,0.886807198,4.802696957,15.32281338,9.102798722,0
RNA213_FPKM,15.81154155,17.2995089,9.319180535,11.29761582,11.58024585,18.33067307,1.20598016,22.45037819,11.06361545,0.117237495,0.263558895,7.748037038,0.57311438,141.0233109,1.059675485,12.58235016,7.262139733,9.586186372,14.81347685,33.22879713,13.73150663,10.13138565,3.193791156,14.42376711,11.03403091,0.103416061,12.54064645,15.85072803,1.900347081,11.63066801,7.371087054,7.646401255,14.45049973,26.76493149,20.61412366,0.433818409,10.4779454,0.005909267,4.680183112,1.119732994,4.96990027,15.06062091,9.7084484,0
RNA219_FPKM,8.341189002,13.90829707,7.64404231,10.41445732,10.35915514,12.83163387,1.427871392,18.65246102,8.948585727,0.0,0.194391967,4.060399728,0.421043001,104.091576,0.979251878,12.06116255,4.359348323,9.191337507,12.66329339,25.6664793,10.10933553,12.95813712,2.329113646,12.39485618,10.29030877,0.021503948,8.547743704,18.69211391,1.238954087,8.327607292,4.399394897,7.737705798,12.9672841,28.56083753,7.473365333,0.503056096,9.581849255,0.009215631,5.365081802,0.696929439,4.545787383,19.37291043,9.281792651,0
RNA23_FPKM,17.2353764,19.70125436,8.509403367,10.15364757,11.95042229,15.30817225,0.716441209,23.69272979,10.87013466,0.099497672,0.487866552,7.652321503,0.99614077,109.917787,1.172473217,10.26473665,7.711466926,6.835928943,11.76175924,37.37966092,10.56965899,8.868006391,3.278785785,12.17058024,6.417441895,0.115863302,11.78501461,12.74689696,2.335568854,8.630104164,6.19278511,9.689105198,16.26356987,21.34955357,16.81395577,0.696710551,5.747229926,0.0722218,5.008224598,0.870287386,6.168711876,9.504233702,7.421715728,1
RNA246_FPKM,17.27356636,16.50894768,13.34129928,14.21874334,11.19939989,11.31767784,0.933751529,23.48091919,7.698254827,0.052713068,0.086465201,8.355456471,0.968796031,100.5525045,1.046914727,15.5465619,7.69544052,8.281657659,10.82610138,30.18556502,11.13338088,10.5376703,2.867862125,8.171321185,10.33468329,0.018599435,7.741334805,18.58069055,2.015688879,7.468559186,9.259756874,6.787750682,12.21578088,30.39122147,19.03008926,0.90016947,9.697513049,0.029224111,5.128111517,0.781605482,4.694293052,11.62703098,9.383106477,1
RNA253_FPKM,20.77369756,18.49007841,14.72182433,11.71345455,11.17725604,13.96130594,1.073684065,25.0798611,10.08594626,0.020195533,0.241193868,9.509407597,1.034970007,132.3569474,1.528423498,13.066809,11.47003977,7.774837418,12.52106897,32.58565813,16.30241366,12.47917478,3.478867728,9.252198198,10.48534558,0.03207749,11.6777736,23.08081351,2.783965428,8.618364066,8.549351319,9.479387239,13.34679847,25.51945546,8.973231686,1.155815851,9.679585818,0.009164652,5.510889645,0.822573092,5.064257729,19.18935056,7.767443666,1
RNA26_FPKM,16.14899701,19.16057488,7.265647008,8.821213449,8.917458361,11.41022669,1.353551473,33.20461741,12.08198729,0.106695081,0.791504478,12.58815412,0.575791794,89.95961841,4.428851981,12.73064776,3.72726087,6.40696002,12.22859538,51.44536919,9.96719997,10.70512505,3.329026814,10.53129397,6.792700418,0.14682177,7.64865377,12.89897281,1.435096807,6.011282455,8.431788186,10.26382822,11.04316306,13.37804292,9.089789855,1.439499206,5.297416289,0.032267306,9.129403459,0.844704711,4.683715042,9.551571014,4.919941798,0
RNA277_FPKM,16.45021522,18.75680219,8.181231472,10.84964522,9.206875202,15.81405494,0.995608155,21.27202407,13.24576501,0.096787513,0.253603183,10.37861699,0.861111088,146.2397411,1.077330481,16.94623022,14.48402977,11.96404508,18.64844613,40.19493446,13.81411486,16.91354315,3.272017129,11.56354838,10.01353068,0.0,9.084679598,14.15201647,1.08489851,8.868876791,8.790838225,10.77303501,17.84813171,25.08344241,23.31254072,0.661190564,9.47116732,0.010977598,6.089658711,1.039964051,5.459120285,8.698115131,9.519481285,0
RNA288_FPKM,10.87117717,20.58097765,3.765044234,8.477403374,12.50164101,14.03272346,4.94578809,18.69725764,13.26735158,0.0,0.283536991,3.664965786,0.663633472,149.7320744,1.647429176,8.175409193,4.339650585,7.667265031,17.88490652,30.85875385,13.82641416,11.06577358,2.413512535,12.52378247,11.3258838,0.039922528,15.78764644,22.9466775,1.50429996,6.74908929,4.20626446,11.33240813,11.22348089,36.43871129,23.9962248,0.096604634,7.068175027,0.017107374,3.703482145,1.343516023,7.401131549,21.14783988,8.315887541,0
RNA29_FPKM,8.072991759,17.81436189,2.828868853,7.935176258,13.24462444,12.95350522,1.099836294,18.23982089,15.69637179,0.0,0.305696025,5.373793395,0.415744053,135.5515679,1.221045868,7.588118671,2.792678007,5.979168809,15.97012663,27.97512614,14.10051702,9.164608793,2.446459558,17.02338313,9.132689806,0.0,17.89217349,25.69888486,0.694915415,7.051280068,4.214955096,5.960595741,11.48169038,29.29737267,21.68143231,0.579115612,5.778931515,0.013858185,3.658502318,1.223116343,7.317955012,16.83750784,8.790937003,0
RNA295_FPKM,16.4701099,15.86599122,14.22805079,12.69480467,12.45192912,15.38289128,1.515201931,22.96485185,11.42031368,0.066701758,0.12006113,7.627892636,0.619529025,113.9306799,1.373261477,16.22251831,5.600370082,9.458093908,16.9259226,29.56292101,16.70204801,12.42257163,2.484807786,11.28956566,11.23989838,0.0,9.095839104,21.54336047,2.259497353,9.44590204,7.265098031,7.809503463,12.74931656,27.98263572,23.01295155,0.512630848,9.769982366,0.015129231,4.616403293,0.798424984,4.710387909,15.84377237,10.52314643,0
RNA3_FPKM,18.45139933,20.6414019,10.54545915,11.03582912,11.88014955,18.09565008,0.967918113,25.61449457,14.2864144,0.0,0.244402298,9.442013124,0.772748354,146.9633675,1.905706206,10.99806646,9.37807586,8.646037164,14.57962709,41.63122332,12.4943074,16.24504154,3.458898361,13.18227314,10.93948529,0.049798901,11.1647763,15.10569651,2.582480863,8.95457807,7.831163984,12.12462786,16.45532041,21.00255134,18.30213801,0.582541361,9.28544978,0.007115908,6.845626091,1.073105584,4.861318668,13.28464327,8.233395909,0
RNA302_FPKM,8.238572133,14.04204039,6.666477444,12.28512329,12.60881227,11.91880532,1.793783882,20.5998966,9.679065669,0.01869021,0.148142622,5.635147564,0.306881527,101.2106147,1.000742955,13.93362957,4.102776775,8.657338085,12.41914506,21.50393895,16.59426933,10.10647382,2.056360789,10.60300879,12.5159739,0.029668611,10.29714604,28.47896711,0.702201215,7.319778558,5.604738162,5.644358573,12.89725411,34.19412311,21.79401004,0.446729248,10.86930322,0.0,3.313128371,0.542383983,6.008778808,18.30722062,9.788321905,0
RNA303_FPKM,9.27382168,16.16452318,6.425940713,10.87384508,10.19352897,19.5151795,1.253056625,19.06654445,11.27172529,0.056218435,0.093939932,7.601261232,0.329810084,111.959865,0.740304723,15.4096839,6.057443866,11.53036099,25.452901,28.61182393,13.97018522,12.10180845,2.616237134,15.40670872,10.0641531,0.009918139,10.06309885,16.4864562,0.630204106,8.704612126,6.839153027,7.927948254,18.29451083,30.80867771,25.07154307,0.640131353,10.08057593,0.011337131,4.499677771,1.151678402,5.671929187,17.55857231,8.911729291,1
RNA31_FPKM,10.08822634,19.08709232,12.53110153,8.781362433,15.9044048,17.29299957,1.384838222,19.53144214,11.07038139,0.124282339,0.343550076,4.804242491,0.656090292,98.51721636,1.476858125,13.46587577,7.892366909,12.58376163,22.99504032,20.98997699,15.57818795,14.31499838,2.329435357,12.75557072,15.6519279,0.054811511,13.23428261,23.12398018,3.024933082,9.829248271,5.006488819,8.977520044,13.38874941,38.63451446,8.774335091,0.795892111,12.54624387,0.021923149,3.516997183,1.225949102,4.900804262,20.22610175,9.759097196,1
RNA314_FPKM,13.89380465,20.4463264,8.376345636,12.41140306,9.379900679,20.25571046,0.848033044,21.66568918,12.09175661,0.117769812,0.163151447,8.69145464,0.930372052,109.3375273,1.324724622,16.21493761,8.194224806,9.676480942,23.2313896,40.06683773,9.789830558,14.933033,3.272787328,13.97029407,10.13893959,0.062331373,11.88037338,14.19157444,1.53756658,11.01184802,6.908233961,9.196214148,15.09044878,18.42292245,22.77671733,0.382172527,9.590134137,0.028494028,4.742421432,1.198849128,5.458244323,15.0794816,7.315295458,1
RNA319_FPKM,11.45847643,18.5580794,8.239019125,9.594985926,8.632744616,23.98223211,1.245975375,20.52135926,13.34517822,0.019123124,0.217878888,8.686537341,0.837692388,127.1036699,0.717074183,11.45602305,5.429324952,9.952798134,16.04536383,40.76589317,11.79921803,13.88305589,3.711913425,15.5594913,9.370569136,0.040494849,11.35336762,14.80963538,2.263567972,9.935607391,6.9171403,12.3523919,20.03850908,16.8184273,23.33018319,0.34295956,10.88875219,0.005783319,4.481317244,1.074355186,4.618917835,11.82595659,7.955918709,0
RNA32_FPKM,11.06356374,14.18925274,13.56560472,13.56390104,11.1425479,7.434877311,1.528552793,23.94535475,8.640779232,0.074292548,0.182830427,6.370561528,0.658617757,101.2931007,1.542120708,7.979963797,7.823303197,6.460141808,8.320189694,19.25272818,18.23391834,7.954781706,2.124312681,9.264317803,13.67708589,0.117973224,10.3862933,31.15304764,2.139234828,5.976756832,7.008238914,5.900320171,7.58558658,41.79063084,4.461295867,1.07859782,10.63690227,0.022471388,3.897429338,0.700292676,6.147908431,16.4593176,8.293722164,1
RNA328_FPKM,13.36317097,18.07512481,4.635027394,12.4657565,9.393645289,12.33182246,1.596807166,22.10116716,8.869338272,0.198179838,0.279940882,8.808072874,0.457243848,127.5401211,1.300260311,11.01769005,3.007724187,7.836145374,16.69680861,32.52844648,11.90243612,11.6969311,2.562654189,9.132149984,12.28763498,0.04195781,9.405541825,19.45736375,0.829715702,7.793718428,6.966500337,7.252223883,16.88960867,27.41108185,19.37165548,0.761492684,9.232648807,0.008991333,4.580318931,0.881600487,5.864307191,15.73739565,7.91427756,0
RNA331_FPKM,16.44302021,20.59896649,6.567815497,9.603545847,7.340368621,24.13121816,0.953513535,21.95241164,17.84432827,0.017387504,0.237599507,5.844493475,0.897205553,131.4538431,1.536036254,14.02509104,6.612640223,12.20815944,29.91224499,48.02271871,12.62135505,22.55364691,3.871441743,12.11282973,7.216629489,0.0,9.012437139,9.677825479,0.802190081,10.88933702,6.499871823,11.14667312,21.94860707,20.51646912,27.34078908,0.638185969,8.974804081,0.01576967,8.21027065,0.950120042,5.972139381,6.73784392,7.730153262,0
RNA334_FPKM,9.570020722,21.50810308,5.736461191,7.784152658,8.960060765,30.63765168,1.149282023,19.29019562,15.78993553,0.051565842,0.366569176,7.495126754,0.806644849,102.510879,0.817086826,16.18765907,3.658411224,12.18370644,18.92903318,39.73950323,12.00015733,19.86731547,2.700433671,18.70233718,9.420906456,0.018197706,10.54467901,11.22368048,0.583676048,11.35069046,5.855975169,10.24525242,19.8084169,16.7692396,8.633212238,0.528409537,11.6495261,0.023392233,5.235817143,1.3284622,4.771272728,14.03886155,7.517003571,0
RNA335_FPKM,21.77601186,20.68545709,6.723267855,10.56702716,6.319959132,26.04100294,0.808141342,21.86615842,17.79836551,0.067349399,0.300719115,8.718788459,1.167498129,98.81415162,1.262393558,16.13870663,10.25338407,9.739042437,16.93636551,47.50079286,9.282206023,20.50885176,3.934094147,10.0565461,6.337699655,0.035645642,8.713642502,7.679071319,0.851009452,11.09431319,6.648147993,9.32264399,20.36572389,13.70115069,26.13025969,0.46001296,9.13887338,0.010184086,6.512683986,0.913948836,5.022993658,10.29845086,7.53900811,1
RNA336_FPKM,10.56663921,16.60161706,6.548145539,9.561910736,8.516911138,18.95245985,1.340739075,21.70508234,16.42114917,0.01954771,0.226291384,8.632837726,0.443460818,77.41883507,1.164996906,19.75817136,4.717916179,9.171902486,14.85702848,36.40725788,14.54127185,11.89060822,3.024494347,12.37423601,8.469659666,0.010345908,11.66142926,19.8697336,1.06995813,9.742169695,4.888561113,7.075177204,15.11321492,28.84331238,23.39052342,0.617713031,9.464647653,0.020696465,3.86844219,0.987701948,5.367211292,14.57749679,7.12665941,0
RNA35_FPKM,17.42631557,19.16936467,15.65223602,12.97213057,11.26384528,12.74302964,1.485797958,26.30804003,12.38993376,0.018440936,0.265519895,10.02364727,1.081669491,93.5792963,1.487642005,11.71501624,7.648856945,9.046271641,13.58164057,38.24568184,15.6979078,12.83725063,3.542450031,10.07084533,10.642251,0.029280395,13.27118092,15.97732832,2.978723974,9.690922214,8.020166723,8.794169166,14.85694432,23.88393477,20.45928546,0.677068776,9.582624824,0.0,6.011459592,1.084475474,5.062034813,10.26344908,9.23939972,0
RNA358_FPKM,24.34508571,17.52810006,13.63310298,11.61440933,11.46171815,14.51650376,1.058311492,25.34136692,12.70487599,0.049396578,0.360067515,9.191306758,1.110510515,127.6412549,1.487909524,13.1382064,7.314233673,11.06176917,18.94168963,42.24022088,16.1434016,12.06952154,3.187749133,8.288381028,11.00465049,0.0,12.1744267,18.1512696,2.84921155,10.17249717,8.68944095,8.253646649,12.05696028,22.1229338,20.1969046,0.379547043,9.154305926,0.029873606,5.578665584,1.107808538,4.348052836,21.03331018,8.872256853,0
RNA365_FPKM,20.62531908,17.57257474,11.1909704,12.06033031,10.18874614,12.35836837,1.609169775,23.70084599,11.69337813,0.074110475,0.369187322,8.706119745,0.946648738,95.58444331,1.240325818,12.94167051,9.477461635,8.477066699,10.56104361,37.21268255,18.25759464,13.11180245,2.864486366,7.518138749,12.17053809,0.01307911,12.56322644,20.3240374,2.035803093,10.18822193,8.294471224,7.719297309,11.27195886,27.01087269,18.55114167,0.400752405,10.22013433,0.014939396,5.201746848,0.847419547,4.893111264,10.94984697,8.305270133,0
RNA368_FPKM,11.35466142,18.51097895,8.381414322,9.106790553,12.67237693,20.20052589,1.498381159,16.10518447,11.65058536,0.019004879,0.18008455,5.847381141,0.82475926,104.653531,0.960423396,11.01748637,4.763389122,8.535835994,15.83760072,22.85773978,16.7078594,11.29976898,1.904051434,12.16048206,14.14764106,0.0,15.42424087,23.55657354,1.616057972,9.505871301,5.441688263,7.667396969,12.72786416,29.83851698,8.695553237,0.535399749,12.75114965,0.0,2.940446177,1.074461372,5.181039951,5.671430704,8.657755815,0
RNA37_FPKM,21.80359586,15.5716157,15.24197169,12.16150421,12.69196741,9.658077263,1.0590141,27.42246111,10.60353996,0.0,0.352307234,8.591950792,1.277986423,114.2249939,1.94113,10.33540304,6.926054565,6.851313028,10.30955114,43.86043371,21.27556513,9.762058072,3.073816704,8.587292682,10.83853078,0.031634923,13.74847461,26.6289053,2.844471656,10.06996713,8.576754884,7.156806185,12.2290646,28.84025386,18.02863984,0.66360619,9.464896384,0.009038209,5.326076807,0.863918187,6.688520663,17.54016835,7.792308468,0
RNA379_FPKM,23.17513595,16.1605044,13.88944105,11.52389614,9.630559278,14.64528601,1.615337774,25.37546989,11.23115144,0.138575471,0.353591036,9.597181627,1.083763979,105.3388343,1.911086316,13.61892688,12.87856196,10.14126829,20.95955224,39.11677649,18.21053603,14.71066072,3.256235684,8.750226724,10.70124545,0.08799891,11.85726671,25.21139017,2.448497552,9.555801737,8.323175735,7.041444551,11.81475521,30.16125947,17.23600882,0.686274279,7.430209059,0.012570799,5.900189771,0.929865214,4.168169817,18.88876319,8.840266803,1
RNA38_FPKM,11.41938318,12.30960593,12.58380978,8.551175095,13.05422781,8.17139743,1.42977018,18.00656625,6.182851064,0.037070072,0.094585095,6.14795034,0.405867433,96.17933386,0.949223341,10.50749112,1.996719176,8.314170895,10.98697896,14.83691625,42.95764571,7.490011814,1.751820476,6.879738408,9.285440959,0.0,8.480944843,43.22315477,2.712773625,5.248964642,5.918207153,4.247305825,10.58238137,43.29345982,14.21251445,0.585544492,8.588339762,0.011210932,3.961838638,0.461142614,4.781753896,19.59048512,9.040302943,0
RNA383_FPKM,17.774214,15.29886421,11.33447639,11.9468953,10.61133597,12.35986571,1.24461653,24.02877846,10.54169032,0.060495347,0.255465843,7.258142038,1.143525941,101.2276563,1.734970314,14.07498386,10.86937686,10.93382477,16.48378189,33.06617785,11.91798884,11.75604724,2.665162689,8.174423386,11.35975684,0.053366704,8.114108694,24.73604173,2.798935564,8.002291121,7.789760762,7.937134566,11.43740978,29.50044265,16.17501581,0.654368974,8.160386115,0.021346445,5.530212388,0.912336314,4.635998554,9.119021878,7.686035867,0
RNA385_FPKM,17.51010173,19.7511126,16.09918396,12.28104911,12.67242639,15.40713829,0.973774671,22.62875627,11.90149786,0.052843683,0.26003169,6.949489053,1.234616013,99.70294424,1.684763113,15.22467822,7.332955949,10.73013908,13.52619357,34.71582056,13.59510302,15.94144062,3.127299276,9.919772258,13.14497375,0.041949025,9.432115696,21.22959126,3.00480311,9.08290183,9.069718023,7.514311598,12.58960222,38.14121784,19.47710059,0.57525808,10.02367046,0.021971824,6.087020003,0.831657329,4.563099142,11.55705211,10.77351211,1
RNA386_FPKM,14.31786444,17.79982558,11.05832942,9.810526334,11.53328612,15.79363031,0.978828505,20.43542777,13.1041982,0.043915269,0.350228476,5.541729982,0.72995145,84.27947424,2.374420408,16.84870896,4.041993336,13.14452567,17.04219529,31.11134669,12.45386371,17.08494952,3.152004473,14.33575614,11.85320892,0.011627083,11.38675459,16.09802307,2.396269307,12.00650646,6.499890302,13.4467447,15.57227536,24.51301726,20.29331642,0.750069671,9.958156849,0.006640547,5.138995488,1.490188582,3.504230293,18.39261907,9.260087321,0
RNA39_FPKM,19.55443994,16.36592317,10.27477635,11.82280523,10.98498722,11.37388346,0.951228001,26.04647427,9.100589495,0.123291315,0.309014732,7.902042719,0.892031279,103.4464015,1.231371622,9.68611841,9.622104123,5.926409451,9.081519877,41.85738122,15.95474129,10.34383716,2.760787349,7.452979419,9.271939448,0.087016025,12.89745805,26.63857972,1.747870124,8.548625772,7.551160558,7.836709844,10.27110178,22.96045507,17.2420817,0.84229121,8.128440148,0.021752,5.528325049,0.751489855,5.251821086,10.24247444,7.251028681,1
RNA392_FPKM,18.30042415,17.88180544,16.59750081,12.27141619,12.98134605,14.33913336,0.938693317,23.24606352,11.28242278,0.091247673,0.29731953,7.59755607,0.945698816,98.28066436,1.550327408,14.67945645,8.364964356,9.63511377,12.33619591,33.27070278,12.83326251,13.26100101,3.184761932,10.15606229,9.125209194,0.048294148,12.31452926,18.96324917,2.459397103,9.893600058,8.461548339,8.162834856,12.25421046,27.35471609,18.76696084,0.428573431,9.477090909,0.006898904,5.424688008,0.971901442,4.268218517,12.28665516,9.685373022,0
RNA409_FPKM,18.79487705,16.44998107,13.12371168,11.31603315,11.59698138,13.08670526,1.062935589,22.28821695,10.09236872,0.06642799,0.316830715,7.49615194,1.316237388,115.6170449,1.022937443,12.22610116,9.438641034,9.692444663,16.42881568,36.75347117,13.27157084,10.63701098,2.194802818,10.32992323,13.14749292,0.0,9.474154719,17.91791022,2.61339558,10.28467857,7.94438058,8.63491822,11.99620741,23.4808536,8.133199962,0.642877905,8.373922531,0.03013427,4.707944658,0.960027134,4.196898932,15.85748542,8.329582473,0
RNA41_FPKM,5.585653007,16.84394357,9.309360836,10.38963658,14.94288285,15.72412179,1.121648736,15.58964179,8.036888379,0.0,0.163548154,4.299576212,0.635998197,94.04347176,0.550677682,13.85105838,4.170630475,11.0935025,16.4549658,17.99417279,16.80577616,11.42116489,1.897843663,11.21968565,14.90231211,0.059362333,10.3286433,20.36058366,2.477380774,8.097203539,5.664964649,8.280161068,10.93276172,41.28886196,24.27245109,0.175587132,13.34961826,0.008480014,2.644222906,0.718835694,5.508825437,11.01247573,9.025685258,0
RNA418_FPKM,15.77782531,16.92248677,13.89154645,10.9845764,9.609182597,14.96987095,0.874526359,24.96164115,11.10884895,0.039247527,0.307551185,7.627177993,0.828654658,87.19406109,1.523767863,14.65032697,7.049923664,7.89017508,12.05430476,36.56107826,15.79133075,10.48074292,3.275537193,9.627254475,11.64939609,0.01038616,12.39734921,22.50967555,2.50965348,10.96505186,8.033079711,9.241634339,11.218129,25.47381957,18.89105092,0.385335877,9.887595123,0.017801283,4.994442074,0.998565964,4.366442977,9.365398043,9.4123377,0
RNA431_FPKM,11.56596836,16.46904866,5.167155133,10.34750722,10.65245729,13.74067668,1.647918691,19.20304466,12.03347657,0.0,0.237779495,4.911129001,0.418867411,129.3363088,1.470987899,11.98662905,5.78072658,8.994019172,19.98165901,28.54151352,13.79369588,13.31603628,2.439741329,10.46834793,9.578697579,0.043611999,9.182625707,18.53770796,0.543245576,6.530463083,6.315429942,7.17713425,15.56553929,38.24328886,21.99581897,0.586295682,10.47693933,0.008304121,5.179789475,0.91114429,5.893787309,11.67226754,8.539357396,1
RNA44_FPKM,12.76305171,16.8183726,5.417587307,10.47211341,9.316686381,16.53479722,0.549413029,19.842233,13.64632967,0.080125007,0.180712827,11.34850374,0.399473132,92.2739956,1.488502392,10.848321,4.944989378,8.009837004,13.88895115,43.06922738,12.35672441,14.8084592,3.07653206,8.8025358,6.708528993,0.06360555,11.97493238,14.54656035,0.561265381,8.504038692,7.146127342,8.236969619,15.38254957,19.78882361,18.86203564,0.598610236,7.077301147,0.015144125,5.938743161,0.649394927,4.396306427,7.840942165,8.334311623,1
RNA442_FPKM,14.42176064,17.07552758,6.780219516,9.110398926,6.109992549,23.95794917,0.644857571,16.85660716,14.37209499,0.138587776,0.1786215,5.31034529,0.71227417,93.82106907,0.967594209,14.2812281,7.206670563,9.585554143,17.71152428,40.49852429,9.280420036,17.58887829,2.98460624,13.88161016,6.082876721,0.02095421,6.871797377,8.644357087,0.985526031,9.744904285,6.08198197,10.81365344,17.94678589,15.7092652,24.4633407,0.355016964,9.452760748,0.008980037,5.681017405,0.93296105,4.042813266,10.47607668,6.489602117,0
RNA454_FPKM,12.66700165,16.98751389,12.13793159,9.661260258,10.66148692,15.34093205,1.976519772,21.5719998,10.97843201,0.049050527,0.234731146,5.316213494,0.604342965,122.8537983,1.363112116,12.99271688,6.581778038,7.781651588,11.41327527,25.19161098,14.53773027,13.44719846,2.404525226,10.88508164,13.10471002,0.025960699,9.41795416,22.964058,1.431361837,9.436521257,5.813834535,9.132316956,11.05228733,26.5953344,20.25047424,0.377033201,9.723055912,0.014837604,4.250355893,0.832305216,5.11417461,11.57191163,9.105661399,0
RNA457_FPKM,17.19622203,17.36322331,29.15712688,10.03884908,9.385416907,14.25587265,1.278061563,23.89853453,9.649725917,0.071688508,0.172464572,5.98651128,0.975524444,96.14139196,1.607729005,16.79762759,9.873462459,10.25817089,11.53806108,29.94228976,18.1751138,13.98255561,2.55027236,8.828950507,12.40121838,0.068293344,10.37894606,27.53741377,3.365121412,7.881865564,8.450588269,6.415205041,11.53436735,41.14291264,9.774441351,0.465188753,8.992501874,0.008671435,5.868123491,0.745869852,4.426460668,17.43780746,8.604089261,0
RNA466_FPKM,20.5117381,15.60093283,13.49382093,12.40363796,9.718167425,12.08185628,1.179116321,24.0903056,9.053531531,0.0,0.22122785,8.348779266,0.775260897,113.8866878,1.2256875,10.11507856,8.497944232,8.057215584,14.53608492,31.7953732,11.25215386,11.20281608,3.085045895,8.947756857,10.13505403,0.032115934,10.0880678,18.77558451,2.614205972,7.792176249,8.882565345,9.565039202,12.78822598,19.31626442,15.40611618,0.345473243,8.353048144,0.012235148,4.6052205,0.861776059,4.118532833,19.41478093,9.443472567,0
RNA471_FPKM,18.51442794,17.76140515,15.63264579,12.61436966,10.75674331,14.19959217,1.552355524,25.2048987,10.97001971,0.054058391,0.363343829,8.103942428,1.411139054,120.7175271,1.737273967,12.02319876,12.62439704,8.189206799,11.72657291,44.36069794,16.05311301,12.87062712,2.80036795,9.610828933,12.5322314,0.035762188,10.05220133,25.49366434,2.757912699,9.408808978,8.787856329,7.565559857,12.58415811,31.90607228,11.31562844,0.49623472,9.9310137,0.042916694,5.660833536,0.738785419,4.949496302,12.81979629,8.752965392,0
RNA476_FPKM,21.38089402,18.77237578,14.28171966,10.45308733,11.08015446,17.79012881,0.652799588,22.5664311,11.52425027,0.04478903,0.212295184,6.791635066,1.121182105,112.5916812,1.522098269,14.3264521,6.128234927,10.08405803,10.94463107,39.0211784,15.47757422,15.4677044,3.190472207,11.30907664,8.060013928,0.011858628,13.2960874,20.48417139,2.274307551,10.0074244,7.764423457,9.840184803,13.56508592,24.44662179,17.43952663,0.631168379,9.971748939,0.013548774,4.943619927,1.15685814,4.327438065,11.73287429,9.306191551,0
RNA483_FPKM,13.07782014,16.58931312,8.207062537,13.0544316,10.92275046,11.76365751,0.852340156,22.97528872,8.87717807,0.049712171,0.128379441,6.700156758,0.661053657,116.058682,1.375844134,10.0376257,5.643504028,7.795730221,11.4919017,33.57475763,14.75349712,11.92756826,2.523801542,8.791843038,11.00969573,0.035088989,11.76304362,21.73515665,1.32762608,7.120009719,7.211082961,8.444140713,12.21757388,28.83793056,15.71363426,0.523598486,8.68090342,0.030072912,4.017320597,0.937179575,4.508943223,16.1287046,7.847562745,0
RNA488_FPKM,17.07013641,17.8866837,12.97065654,12.31583929,11.34712466,16.54434788,1.326620512,24.10783163,11.37306193,0.0,0.103324158,9.135336037,0.717832631,150.5539898,1.313284468,21.95433263,5.652753246,7.634911499,11.50904812,34.2753511,12.63123383,14.5760524,3.083137761,9.879694782,12.22926697,0.00952666,9.025495522,21.38161583,2.776522056,9.911992866,7.983458921,8.549952965,13.19075343,23.06718619,21.82534141,0.476377085,9.85834407,0.010884556,4.86210778,1.194071166,4.896211475,10.46449553,9.240264958,0
RNA499_FPKM,17.43209801,17.9022945,10.47225325,10.44099687,12.78100691,14.34607932,1.631805783,24.12846614,12.67920196,0.114220075,0.242886172,9.176403929,0.647671679,126.4137252,1.510308219,14.98811697,6.873773343,8.759606736,19.08262183,34.69832884,13.60863136,13.03938851,3.136461338,10.58635554,10.74962707,0.0,10.57224836,21.16912058,2.19025589,9.649032323,7.012332706,9.40648336,12.26151448,26.1538356,21.19974908,0.503921347,8.821624962,0.011514352,4.344791279,1.083698218,3.899052039,21.12850032,8.733382699,0
RNA50_FPKM,13.95127659,24.5199152,7.050495815,7.791636675,7.877762309,25.05190452,1.45909777,19.29376742,21.90814799,0.11102037,0.247872725,9.626120465,0.78144011,117.2765558,0.829961826,14.27556763,7.137099138,9.57500374,16.08738023,48.76351246,11.18227134,12.36228345,3.238704893,17.26276577,8.015203799,0.068554064,11.61236802,9.479605623,1.329723288,10.60186598,5.610415066,9.184366045,14.54431438,11.1211622,18.49866682,0.331789471,9.00272101,0.019586138,4.115797969,0.878900091,3.778300748,9.236029752,6.774086593,1
RNA504_FPKM,20.40314186,20.18631918,14.8495096,10.22006273,10.82925601,15.61024955,1.319259736,25.99708803,12.45834972,0.059190958,0.258048626,8.015679724,1.581846786,121.5124768,1.515909524,17.28033403,8.897228184,9.40819237,14.63952244,42.62759175,12.28861153,17.14316756,3.609312079,11.49204846,11.93405804,0.010442556,10.09163204,18.46810736,3.431351342,10.66375213,8.019813606,9.276260114,12.89138443,21.06640131,19.00415783,0.497040416,8.972243244,0.016409848,6.86642243,1.041437601,4.596343233,12.27075259,6.379878283,0
RNA519_FPKM,15.4072417,19.1926743,10.31710718,17.25680225,11.29353881,11.91395468,0.861347273,22.9143039,9.049516728,0.125608675,0.14499641,8.083784144,1.080640651,115.0923932,0.988108844,13.64012291,5.561704932,12.43680272,18.38999533,32.8306682,14.02771665,13.28316474,3.078102026,9.944568948,11.03894426,0.011074982,10.3508387,21.40094701,2.615639299,13.13681534,10.08234771,8.229828981,13.30661788,29.93052399,29.71251491,0.303884521,17.70435707,0.01582658,4.856628492,0.883931907,6.361209785,10.43940621,13.22332688,0
RNA52_FPKM,7.554411393,22.19305818,0.316599603,3.162276041,9.149154497,49.33848351,1.123732381,10.34186815,21.39430813,0.0,0.180632939,3.291312895,0.482149197,170.5167586,1.044875174,5.200018067,2.070843039,11.99216763,44.74606514,28.02262109,11.18275858,20.47011701,2.079604948,36.29161154,13.13273099,0.0,25.11759293,20.8808507,0.210943678,5.625575742,2.315351389,12.07282172,28.72152441,18.11544026,31.42680199,0.0,7.645403681,0.0,2.997632973,1.641552653,10.61052997,15.29562645,9.511559338,0
RNA521_FPKM,21.77232865,20.6006389,11.15752166,9.178571279,12.6217988,16.11600621,1.231179359,25.1161404,15.28416723,0.028165066,0.287465459,7.996723207,1.178451793,131.9223913,1.409448941,12.50046159,16.99824282,10.76165443,21.57809133,45.11089751,16.3314132,15.1705121,3.244396845,12.23692399,12.92133742,0.014906768,12.28916043,24.83099125,2.200435745,11.19672916,6.909313886,8.003994679,14.42847671,28.71340311,7.543376957,0.601208143,9.485170217,0.012776748,5.979685592,1.109526545,4.933209922,16.59120768,8.252025564,0
RNA528_FPKM,17.61814617,18.81177165,13.10312149,12.63605576,11.68094982,11.99506008,2.192083458,23.92862569,9.495802754,0.0,0.205410668,5.314702044,1.39841327,94.11652515,1.189800771,11.73807691,5.840451162,7.882051588,10.62867037,25.42685315,12.49033418,13.18042133,2.437368344,9.647777891,13.0477595,0.034410365,10.10161591,23.71796619,2.171981764,8.610696109,8.210594605,6.645146049,11.00717918,27.57757478,18.10748022,0.740237921,9.002794931,0.013109205,4.476136988,0.759848273,5.114639944,21.24037775,9.447933946,0
RNA53_FPKM,18.23886023,16.89670615,9.784594973,11.34530831,10.4756261,12.5333587,0.997031308,23.88882771,10.76436198,0.0,0.239222955,7.378167883,0.8421082,138.8045248,1.083914674,15.56124159,6.183092103,7.197352355,9.205162372,40.29673392,13.52571951,12.64295425,3.1606115,8.405599454,7.309421501,0.008319192,9.263720093,17.29627548,1.45090461,9.712745101,7.834600049,6.926692377,12.05936227,23.51344617,21.37758667,0.939527244,7.674022043,0.009507289,5.869869649,0.888858866,4.853061832,15.38495701,8.688631601,0
RNA535_FPKM,13.07029326,18.89954296,8.407998405,11.62085344,10.94192995,18.80543672,1.020812063,20.82941336,13.56929901,0.099232125,0.29122323,7.329929848,0.830514394,111.0097915,1.381992513,14.18469292,3.338642792,10.32223643,21.32212185,28.71047626,15.20208206,15.77566472,2.544883575,13.23939368,11.67476145,0.02101434,12.76622351,19.72583932,1.609644406,10.31076445,5.476206637,10.6164099,16.19774847,26.11860003,22.40603074,0.169484039,12.63025287,0.04201806,4.145280933,1.242124658,4.405004486,17.44568348,7.379978712,1
RNA58_FPKM,14.6881309,15.23096113,8.299115512,12.37465175,11.18064908,10.10890982,0.911554417,22.86089945,8.144647544,0.0,0.157003176,6.20782621,0.291107882,101.7059195,1.03235877,11.21435399,4.039610955,7.087754072,15.5504509,33.18694999,13.2545971,12.73217291,2.568793942,8.046312518,8.624735512,0.022509496,11.1186724,22.22810566,1.626684755,7.795279069,7.426548053,6.030061157,13.0116043,27.37177961,17.90735577,0.308735284,7.145482117,0.019296121,4.903374798,0.697585216,4.681247436,17.81355376,8.042677797,0
RNA6_FPKM,16.40888966,16.31203366,8.455270602,9.774513415,12.14519573,13.80284131,1.987768548,21.57366792,11.37388351,0.0,0.126060992,8.032790722,0.660248415,137.9741851,1.423168455,10.33665344,5.535582019,8.121597615,25.79891702,45.30812704,13.52832048,13.10084406,3.226830215,9.92332987,8.445952403,0.107656861,11.49866266,19.31189889,1.824031779,9.170537376,7.297947272,9.526126604,16.80405057,28.49373619,18.14141913,0.625306397,8.332188362,0.006150917,6.095996505,0.889571628,5.322938792,18.41177254,7.177508461,0
RNA60_FPKM,19.06227426,18.12144521,7.489592544,12.24427131,10.71050097,15.72694595,1.211386865,26.15004216,12.67035695,0.103922646,0.333350557,9.849776492,0.544533094,128.6449921,1.53056289,11.42520098,11.09165449,8.097963433,17.54745031,47.06448708,14.44803102,13.35005283,3.328652443,8.187701538,8.427768633,0.0,12.27804807,19.78905103,1.048267512,9.852081023,7.881125741,7.972567106,18.63188879,19.88802946,16.53508528,0.621133677,7.033902389,0.021997553,6.829396058,0.838352445,4.536231716,15.92319743,7.549702038,0
RNA62_FPKM,10.09957233,15.68655433,7.625741556,11.14956586,12.12383121,11.57953089,1.632453516,21.01651776,12.00583877,0.021166522,0.138848961,6.244883238,0.62890755,113.9524273,1.112125663,11.2383804,5.044085618,7.146722206,13.7229411,23.20475711,12.83308666,10.27164685,2.152952286,8.938470135,10.3381749,0.022396101,9.743192822,23.18338571,1.339388827,7.296370057,5.976181931,6.143226773,12.04998448,28.10855643,7.710145559,0.469787345,10.19105738,0.0,3.1462352,0.526513521,4.45049553,10.86936032,8.379791958,0
RNA63_FPKM,9.905714794,15.63597353,4.877058949,14.07219688,11.57956691,10.91317187,1.107995813,18.3692389,9.9345083,0.092336467,0.159871907,6.873246347,0.375503767,124.0584869,0.834493118,9.36571866,3.182004204,6.857814337,13.23574033,28.76488093,14.45241457,11.4268729,1.963602344,10.32132175,8.71485492,0.048870408,11.45848713,26.04483501,0.663540674,7.066293093,5.038000232,7.543645463,10.84214595,31.99812212,5.991446167,0.157677249,8.343053084,0.005585457,3.52539527,0.717033815,5.159437878,20.69168585,7.351489899,0
RNA64_FPKM,9.957185419,14.9295371,2.458258795,7.726555531,15.91063577,11.82944599,1.155826907,18.60033095,15.06937899,0.0,0.264547945,5.126517241,0.263655071,136.1374088,0.890228855,10.8237033,2.166120582,4.944853073,11.13597054,28.64844824,15.77069189,8.618371847,1.843966953,14.14362134,5.754162161,0.0,16.05212344,20.96069907,0.5309602,5.63498552,3.222265364,5.428484238,12.92728185,24.93515124,21.84474502,0.511736167,6.012960936,0.031151619,3.505029481,0.713095326,6.137267562,17.63620826,10.05267106,0
RNA66_FPKM,6.659487838,19.10153148,4.748401285,8.560638917,12.76536581,18.80564037,1.331359999,15.87076701,15.46552206,0.036113333,0.192570607,6.786654374,0.395508366,135.5737822,1.360280204,12.09538769,2.200224741,6.331045293,11.64733306,27.54788159,14.81531701,10.26484689,2.49741456,15.48872942,8.648448853,0.0,13.84225301,17.36292093,1.083599281,7.376099874,3.198863126,7.672440951,12.76515492,25.18579549,18.63925453,0.092525249,8.862236343,0.0,2.930775926,0.714909223,5.918433763,19.96658297,7.138524665,0
RNA67_FPKM,16.09583252,18.23268308,9.849268427,12.41468937,10.62005426,10.54378908,1.702270847,26.71242339,11.37224728,0.0,0.371393586,8.872573723,1.043561086,104.9590286,1.84893017,11.75783022,7.14149843,5.912714018,18.13489801,38.3664662,14.52815581,10.87628838,3.376570748,10.70935102,9.276207881,0.05473801,9.993711355,20.48442485,2.004971286,8.500924753,7.717296885,8.844352157,12.83056021,26.94356317,16.34910212,0.653563326,8.67880611,0.031281181,6.731872594,0.811065097,6.387009105,17.01591436,9.577408253,0
RNA69_FPKM,14.42189664,18.57730752,8.919219889,13.06964397,11.56235529,12.79823191,0.931100559,23.88281647,12.66878764,0.0,0.321735604,8.721885869,0.584092056,135.1847209,1.233734504,12.95392187,6.918593699,7.84405624,12.37039428,33.54633035,15.53077105,10.2094632,3.722169972,11.47664493,8.241814572,0.061599116,12.94354805,24.62390706,1.5027583,8.813413062,5.579985891,9.075151972,15.0239401,25.02391071,17.50420076,0.712221341,9.261631141,0.005865357,4.662768646,0.840972344,5.562095052,19.67109278,9.115367729,0
RNA7_FPKM,11.18910676,14.63607918,6.87463399,11.02890717,11.10679767,10.02478751,1.620646171,18.54935234,7.893905592,0.102757574,0.127356276,6.723983689,0.61078286,151.6191239,1.224542072,7.240306868,6.618087947,7.375371377,13.47508865,24.36298864,12.41162939,9.261424787,2.324725561,8.505476197,8.902521224,0.043502758,10.62696652,24.64738616,1.280465144,6.774843486,5.264822202,7.315783257,12.03480558,28.46778329,4.461405054,0.193030069,7.210438508,0.012428891,4.095874658,0.720524951,5.440491381,21.64992325,8.385515166,0
RNA72_FPKM,14.94997327,18.6385907,8.860892212,11.74970005,11.39578547,14.39577162,2.087278275,25.61140966,11.26270881,0.076098435,0.277395484,9.225594616,0.751386789,110.33427,1.490170112,12.25875302,5.478508019,6.479871468,15.27614326,40.53979515,15.92427136,10.67390079,2.888731909,8.468701665,8.504302944,0.08055239,12.88286474,21.1470275,1.072429415,9.479172261,6.405219006,6.754939232,11.22837586,27.88754238,16.27402742,0.373625704,8.107197266,0.011507051,5.519446613,0.817599829,5.68756222,9.206285974,9.331415607,0
RNA74_FPKM,18.82852728,21.27438021,8.85134464,11.83824944,8.486126241,16.28435323,1.462591409,23.96250647,17.32902294,0.0,0.28346637,12.90898693,0.8201729,92.85637149,1.154263355,10.68860424,10.83189879,8.765074934,26.40559449,61.6090262,15.81527647,15.49186258,4.312841675,12.89220673,6.051382162,0.009404057,15.25951932,9.611785824,0.966808857,12.4993668,8.052039763,12.35656549,16.4197945,10.55447344,15.76787924,0.485658513,9.295327664,0.008063299,6.776322982,0.971596847,4.487982679,11.35112279,7.854182303,0
RNA75_FPKM,16.58498921,18.22699725,9.954219416,11.51432319,8.935335873,20.88122817,1.111464485,24.18535455,17.30673565,0.064840077,0.344170345,9.556154306,0.754269378,109.2074812,1.367285965,13.46621565,4.182357256,8.377350129,26.96230427,44.14375544,17.03395772,12.53739475,3.869119784,14.52289744,8.546745578,0.008577086,15.47687099,13.14123102,1.656430828,11.97935259,6.762171442,10.1670341,17.72996203,18.05906152,21.46388967,0.332168826,9.187410452,0.009804644,5.19016859,1.234314599,4.895344627,5.867371533,8.603678675,0
RNA78_FPKM,11.18390611,12.98750044,11.3170333,12.68181515,13.2078289,10.30874751,1.19885675,21.1013332,8.848198676,0.059946249,0.083760471,5.443402318,0.921986214,114.0601734,1.009948209,9.981016185,5.138060309,7.189764131,9.726974245,17.29013413,16.40705063,8.231491372,1.770537822,8.866035563,12.77557708,0.031727418,11.7471947,32.68691858,2.246098403,6.3748826,4.974024275,5.37518721,9.378933156,29.80626628,5.709108716,0.563012837,10.31690783,0.003022297,3.230786175,0.504672378,4.37322517,18.2165017,9.46104216,1
RNA86_FPKM,19.18453182,19.61093382,7.583615914,12.56055754,9.593001823,15.53669689,2.24506548,26.57589243,10.51926377,0.0,0.252733193,10.3374984,0.888673516,115.8749415,1.553664676,12.27176401,10.41931049,7.041078817,17.60941263,42.86966484,15.20168631,14.81029002,2.903271553,7.943138481,8.502508501,0.020386615,15.00608737,15.94583448,0.977715184,10.05296274,7.038167386,9.132134425,13.91578821,21.97538843,20.01136126,0.740008527,8.589583859,0.011649055,5.25880815,1.234255031,4.697967574,7.568336326,7.03168502,1
RNA87_FPKM,21.40142492,17.7032215,14.85293853,11.86795442,10.15285921,12.91342164,0.819764317,27.94244658,9.829708218,0.021742049,0.320895567,13.15982691,1.079473499,110.7257581,1.273287471,10.27593395,10.23448431,5.557816561,15.4621417,46.15619953,16.02891041,11.53738433,3.771284345,8.377442773,8.633485307,0.057523567,15.11937311,22.21955704,3.152776317,10.16090661,8.918649263,9.076211033,13.95777783,20.43962278,15.6987052,0.723820138,7.769889504,0.006571663,6.199263985,0.884962582,5.249077241,15.36636789,7.022263974,0
RNA89_FPKM,9.696153754,17.94820586,10.04096338,9.577043749,13.255533,19.45555337,1.8312985,14.89033608,12.76811662,0.0,0.186162981,5.299975471,0.564311757,97.67690121,0.809278309,14.26219959,2.629709747,10.26871256,12.4564644,21.24850832,15.98529626,11.44991907,2.275767249,12.47400938,11.61986927,0.029760358,14.01860529,21.5979774,2.959339374,10.20848794,5.2214996,8.258575333,11.47946472,37.94182077,9.544297217,0.24004293,13.53831327,0.002834213,2.764722458,0.85488414,5.39665392,16.86261986,10.16174174,0
RNA94_FPKM,4.621927498,16.00041917,0.215250681,7.431191393,18.95024351,13.53753276,1.02714587,8.716295217,13.12234575,0.0,0.220171699,0.932887497,0.914528807,204.1796513,0.245851117,3.834213015,5.429717627,9.50014716,44.40674551,14.26202173,13.54927732,13.31412629,1.547751337,26.33362729,12.97326815,0.0,19.16698197,45.53123,0.452382571,4.185838067,2.723937835,14.56566695,19.08183009,55.48495031,50.22443686,0.24755357,19.01590779,0.172428292,3.287332543,0.531899628,20.21802831,27.76476259,16.53948747,1
RNA95_FPKM,16.36410098,15.2368663,13.69862491,10.7806337,10.43556512,9.669326697,1.871025642,23.17558978,7.8820108,0.020218201,0.431004371,8.701302302,0.916823971,117.9224179,1.610217264,7.584255734,9.510718307,5.724951104,15.97517227,33.72260874,18.77040139,8.666376017,3.25913375,7.416173702,9.67829816,0.010700775,13.80123048,26.37691963,2.218720912,7.050471125,6.05162992,9.05291373,10.45925471,28.79129099,11.63304583,0.24160571,8.495977353,0.02139419,4.250259694,0.815277749,6.388427866,10.89485936,7.534886775,0
RNA97_FPKM,16.09826088,18.03328288,5.429141064,9.788865067,12.61601106,6.778246274,1.470125291,23.89299709,8.730172802,0.0,0.284384081,9.414308209,0.717281455,120.4465643,1.554931224,8.585862065,7.67107299,4.961378979,7.788159477,36.53269356,15.97159092,7.43704435,2.871812728,10.29917685,8.307942636,0.037818687,12.79027637,18.2730553,2.175246577,8.105297903,6.076632425,8.976042305,11.89658797,24.42139312,16.31040047,1.566211973,6.090856982,0.01800822,4.017158934,1.14947723,7.267309477,18.73469429,8.626608576,0
RNA98_FPKM,14.99851151,15.09631893,13.35569577,12.06621198,10.55396377,12.33859133,1.786890877,21.92655763,10.40707631,0.099265813,0.253306304,7.018349606,0.834613134,102.5620005,1.113198252,12.06494886,11.07349922,6.520710928,15.20227202,32.34375676,19.14269173,7.970613918,2.644388798,9.318047269,8.38058816,0.091941262,13.14934152,27.37779237,2.397113975,7.354261326,6.999740136,8.03635779,9.453117187,35.99452666,5.387502794,0.720500629,8.255379126,0.026267943,4.40769221,0.645551741,6.615333254,10.14994458,6.866710173,1
R_JS001_FPKM,27.1086253,16.43342907,16.48344969,13.90935,7.791740923,10.29126358,0.874142443,29.00769138,8.358156468,0.0,0.513270155,13.94261855,1.4864346,101.3148804,2.614631726,14.61372953,20.24818377,6.00816186,9.576211724,68.8581262,11.31066681,8.626153482,4.59447844,8.010141676,6.287141835,0.09813769,10.01482105,16.34954514,2.972225389,10.64766951,11.07009754,5.405952669,13.11789454,14.3863923,13.10915266,0.732262582,5.676949301,0.052570694,9.25195352,0.961146292,4.633659885,14.96666278,6.90740391,1
R_JS002_FPKM,27.64958883,14.27554657,10.54582107,13.12362017,8.415838134,9.980631088,0.962378163,31.08506065,10.43779842,0.080200495,0.48967779,8.412132574,1.116467076,97.65598034,1.728869502,22.74125325,9.9395842,5.874435724,8.499932923,61.26497344,7.840775494,5.906646033,3.509413035,12.9571101,7.503074343,0.127332235,10.38453059,13.80732608,2.818296424,13.92733852,9.590601129,5.041401719,10.70107549,21.12300271,13.33503827,0.246531029,5.216061061,0.024254669,7.40945716,0.574441713,5.462093639,7.020396699,8.126057402,1
R_JS003_FPKM,37.33068054,12.90659342,25.34937548,16.60553622,7.062430524,7.540045249,0.854088675,32.88367255,7.701517229,0.119576992,0.148923167,15.41611341,1.527441817,84.68438027,1.774477364,16.67103498,11.08588771,6.417518064,10.77557902,61.55330865,10.24226862,6.65738059,4.696039121,6.518821449,7.033060541,0.073826971,7.48166942,13.46695784,3.639572016,13.02839534,15.43839967,4.548877183,10.86499243,15.48276812,14.6740229,0.459450535,6.183902794,0.030134924,9.344273987,0.578487115,3.49677422,7.963178255,6.277732196,1
R_JS004_FPKM,25.52754338,18.08019597,19.57380956,11.63294843,8.959983533,13.07890096,1.178269584,26.09968417,10.91056349,0.098192294,0.454555717,11.75568722,1.297775328,116.0411227,1.557910389,12.09054938,11.21785264,6.908901979,18.23774297,46.05136579,14.01288437,13.54942606,3.884096225,8.741618447,6.631307327,0.020787876,11.48968786,14.31631436,3.230329062,10.28029206,9.940514575,8.368908057,14.09107013,15.5002512,14.43650692,1.224046456,6.645997884,0.047509832,8.293179305,0.903169769,4.406125935,13.96757964,8.79919103,1
R_JS005_FPKM,26.72149873,13.98678027,19.3208492,16.21028365,7.039158718,7.838594863,0.951075205,29.4583468,5.454784385,0.082185628,0.368895207,12.74674378,1.277599316,58.44904557,1.939666651,17.64090403,15.18218916,5.787354459,9.375592775,51.03017338,10.78413201,6.288391722,4.999316685,7.188953024,6.142542152,0.065246895,5.763775961,15.43282647,3.03465109,9.895994318,11.95161348,4.541325829,10.54642443,17.87699467,5.895284549,0.596546102,6.971162522,0.034178854,9.503883695,0.611957898,3.894361773,6.508993147,7.410601863,1
R_JS006_FPKM,24.87870768,14.39944819,15.65387419,12.31526744,9.057559503,12.97428428,0.818009923,26.39349471,8.553677229,0.020735238,0.291161761,10.46393063,0.892418179,97.8251634,1.562560751,18.17827207,9.177832196,6.448197516,15.68999906,46.4535561,10.44549589,8.070161104,3.69038948,9.559866366,8.78599182,0.109803182,8.111979846,15.28275838,2.899827019,12.52616747,10.42310731,6.154329055,13.17071534,18.19994499,13.45034998,0.708587478,7.622202624,0.034506588,7.24328738,0.750826642,4.743756359,14.12928147,7.309810531,1
R_JS007_FPKM,19.5869905,17.05512516,14.55271004,14.12557628,9.515305642,11.92449551,1.035648735,28.16972151,9.912629179,0.075524098,0.400871593,10.09692655,1.129540214,119.3695506,1.744210518,12.96828834,11.94290483,7.670464464,13.46374712,51.20944075,12.15221306,12.17962431,3.986067651,10.79367089,8.909640979,0.069937184,11.42039259,13.42313897,3.068234584,10.64573141,9.027224513,8.12266504,16.28533419,16.3273561,7.233033468,0.499733443,9.013804944,0.008564342,6.880731081,0.882525862,4.282135873,12.12852237,8.627959006,1
R_JS008_FPKM,25.90700876,14.47721997,15.66333912,16.77839358,7.17259225,7.416161579,0.183162104,31.71945353,7.780592489,0.106840759,0.32324094,11.06082559,1.19485079,70.10000201,2.088532683,12.45083566,10.6191181,5.175987986,8.175700726,54.51527727,12.02790856,7.485272323,4.128066845,6.685488745,6.683188419,0.056547014,6.962267474,12.32500575,2.606231373,10.64654023,12.55572723,2.990212735,12.08501639,16.93196869,10.14201701,0.857504952,6.312047282,0.042002052,9.270948085,0.563856132,3.840631827,10.86655578,7.104542416,1
R_JS009_FPKM,28.50225044,12.72370528,24.58182402,13.98273868,8.564498749,10.83894042,0.703710785,29.92584433,9.24176164,0.045614492,0.247315495,12.6695324,1.391194056,86.53995293,2.244354059,19.29539559,13.34210855,6.591187598,7.865579727,41.56574541,9.573139467,6.991989794,3.812108305,8.659811052,7.669501513,0.084484991,7.753885184,14.95405466,4.706206476,12.34161584,11.06548417,7.095551471,12.24023354,16.9154633,13.2998804,0.097354522,5.698939988,0.041381388,6.636155633,0.533027813,4.099098917,12.50737861,7.729737228,1
R_JS010_FPKM,12.76084127,14.8888101,8.334947406,12.56979576,11.47310217,7.888153174,1.268581864,22.93507124,9.837972495,0.050458217,0.343313742,6.194368196,0.341985634,133.4777859,1.953503182,10.39486831,5.218340795,4.62364578,13.1419624,31.64009398,10.53696352,9.190896145,2.531632417,7.127761869,8.681787691,0.09790898,11.98440955,20.1563549,1.214172225,6.316697503,6.188743891,7.266373175,10.34675487,20.33850241,12.33421497,0.746738941,6.06755361,0.022887186,5.949562773,0.684733042,4.945678847,11.07359553,7.988475583,1
R_JS011_FPKM,23.04699231,18.01567523,10.50692006,10.85864073,8.802351724,6.8725676,0.84250139,26.92979554,10.45522777,0.027301452,0.476487076,11.33430477,1.014301182,90.86032769,2.138651347,15.14625787,9.217111045,4.724223587,9.441489916,51.50370305,14.84942266,7.651782967,3.87700429,7.028382044,5.649115418,0.028899375,7.619982394,14.58421827,1.867642846,8.228699184,7.792211487,4.797785474,10.98821248,20.43538097,12.39887561,1.655253085,6.020934863,0.03302896,8.604497109,0.76167568,5.074509916,6.745016771,6.420121079,1
R_JS012_FPKM,20.53146473,17.86953518,6.849086753,14.36987186,8.588928605,8.515336125,0.861877304,30.5983422,7.578852808,0.146626188,0.544082596,7.661376472,1.064935384,104.9763498,2.06862671,13.62871344,7.502278541,5.665203284,9.332517255,58.88668721,10.09125565,9.921694505,4.487154993,6.584257047,6.43621449,0.121962688,10.74317422,13.77843606,1.001338608,9.295702595,8.929009111,5.597542868,11.49347484,18.52878281,12.68403191,1.216322324,5.945618725,0.053849522,8.87106897,0.829208859,5.519949191,15.44284447,6.274204196,1
R_JS013_FPKM,37.78026532,14.48965425,25.92394689,16.7873955,6.677936967,7.90946545,0.225271433,35.65911463,7.196645141,0.032846944,0.375717149,11.54625016,1.490172649,65.15617529,1.193132833,23.50806951,16.42759915,5.115735319,7.052012546,63.96853972,6.235129939,5.901406625,5.153541593,6.564290908,7.047036032,0.034769439,5.096088808,12.91561962,4.358901325,13.03509798,13.50907885,4.33693433,7.83649927,17.04315958,9.608183123,0.182323884,6.46962399,0.017386466,8.803971721,0.414877233,4.117270186,12.5384171,6.296639696,1
R_JS014_FPKM,22.54009673,12.87221178,20.91938388,13.62940399,9.370760047,9.696809655,1.071035618,26.27824766,8.673066414,0.0,0.374743711,8.058679289,1.226015594,73.68531817,1.825191054,13.11356543,12.77141636,5.059351295,8.590849157,44.47276002,7.820645087,6.889116826,2.950161419,10.06486994,8.473676369,0.102201067,7.273939288,21.95486522,2.718669616,10.7580354,10.770823,6.651980819,9.650234606,23.69070945,13.15623952,0.45587175,5.075796549,0.039505108,6.716184507,0.706586062,4.7641838,7.675706552,6.081774165,1
R_JS015_FPKM,19.20759024,10.29076537,15.20595203,19.9993369,5.724479115,1.856036705,1.176552223,32.57641274,3.616894342,0.055647349,0.211302011,9.626089928,0.971987312,51.75693477,1.477784426,15.49045537,9.055244405,5.474030927,4.598332382,40.95689933,8.003926551,3.524547532,3.125023607,5.408055345,6.212507599,0.088356488,3.70525652,16.35389232,2.207468408,11.873728,14.56102817,1.680158608,7.251034679,13.56670831,3.286694237,0.728574569,4.8809613,0.044877055,9.003292381,0.321667383,2.166032244,12.05327057,7.037127885,1
R_JS016_FPKM,29.27139029,12.58079808,21.24041947,15.5202092,6.616122915,6.214683833,0.806972819,29.14463845,4.218659212,0.052303778,0.320941021,10.97338913,1.30217644,78.97646265,1.669098577,16.76794585,13.23990984,5.575181389,5.856575372,50.74171728,10.23723319,6.390906171,3.383507817,6.942674103,7.310961661,0.046137549,5.532571816,15.79000462,3.207023418,11.84659679,13.56917163,3.640001761,10.90034372,17.80134605,12.18272708,0.372167283,6.347626671,0.034269806,9.354788273,0.486365428,3.165692164,7.148064194,7.325543657,1
R_JS017_FPKM,24.18176604,13.03807075,19.39820706,14.19648961,7.788579465,5.789480394,1.472526468,27.5048287,5.224180678,0.057259413,0.373996747,8.699944921,1.336115997,117.309483,1.948811493,13.16656924,11.20097672,7.278298125,10.08100431,37.84162876,9.826177961,5.67041613,3.708606376,7.003948601,8.057237174,0.04041022,6.381844072,18.66396748,2.894542771,9.472322228,12.71514382,2.662599163,9.260969392,16.0736641,14.34618957,0.896427478,6.744360101,0.028862045,7.012101934,0.453343273,3.244226728,17.24253904,7.686582418,1
R_JS018_FPKM,34.81642977,14.36406138,22.14601434,16.79012801,7.271545152,9.412540449,0.658776928,31.87556512,8.200246828,0.042688755,0.478608898,11.36259464,1.319062069,65.27460762,2.243965819,15.0119208,11.71930897,5.739344048,9.434270071,56.37597399,11.07945817,7.861793929,4.208622788,6.892344999,8.095699483,0.045200347,7.016805885,14.37544692,3.997495633,12.25408599,13.26727106,4.495995826,12.22255202,13.53842779,10.58428556,1.057306792,6.871947836,0.035508554,9.460642793,0.651910803,2.845387871,12.36492742,7.2705782,1
R_JS019_FPKM,23.51910391,13.8297457,22.81110013,14.47792659,8.619523509,10.250948,0.818117361,27.29357363,10.43141895,0.041488507,0.311997656,6.506320431,1.127829803,87.7879531,2.014214966,16.44479267,12.6020466,6.615205027,9.467334843,42.41580141,13.23433339,9.385342581,3.391217667,9.738097041,9.820880592,0.054901877,10.43516414,16.26539318,2.87966487,11.79447544,8.919106364,5.234174591,11.92695524,21.03555078,16.13024353,0.177171584,8.292741041,0.00627359,7.112139404,0.602299296,4.427202161,15.74389262,7.578333899,1
R_JS020_FPKM,43.19975125,12.83734415,25.61110881,19.18219953,6.482386469,8.651543571,0.645056136,37.06549124,5.720035283,0.132811045,0.399401033,18.86502839,1.635931448,67.85831038,1.807897911,24.58989151,16.85493552,5.76617149,11.17317131,77.56610366,9.180522445,7.45636805,5.177135181,7.177469631,6.310557767,0.011717523,7.525924297,10.71068193,3.385746625,18.30336122,15.66572444,5.3631878,10.1345045,11.65527778,10.80500197,0.13231082,4.670550516,0.04016173,10.30183268,0.625831905,3.559072221,9.811806589,6.511481564,1
R_JS021_FPKM,16.32279493,10.94871454,15.72128015,15.55512321,9.066562112,6.127433701,0.772656086,25.39098849,5.800617422,0.097986404,0.319664458,6.773268698,0.988531858,64.0287973,1.908863144,14.49132376,12.45410015,6.806494943,9.962171615,28.75710977,9.456276795,4.723010418,2.555382175,5.769055965,7.756459545,0.03111463,6.274140514,18.61925299,3.217090856,9.863014564,7.785406418,2.822239868,9.386900385,20.47496854,13.14150238,1.00395043,7.069867021,0.011851888,5.396260048,0.354601027,3.797853005,14.86914931,6.67607379,1
R_JS022_FPKM,26.62700774,12.78379839,20.81383595,16.64789772,7.406434739,4.902628065,0.709292911,32.03630441,6.701785465,0.108889228,0.301647909,10.67306534,1.175157128,71.1081501,2.369084988,12.44988902,9.870020385,5.931023103,7.78460854,50.45740244,12.42233007,6.542318402,3.973668482,6.472863011,6.811173906,0.034571733,5.73819574,16.93999374,3.48888065,9.300383455,11.31487485,3.609642732,11.06807885,18.90080054,6.068882779,1.07845861,5.405836566,0.062562669,8.06903067,0.418682597,4.073951782,6.975612864,6.300769615,1
R_JS023_FPKM,39.00768244,13.1183466,25.58914826,18.42964891,5.904952198,9.046126234,0.589589296,37.992651,5.4894995,0.060699484,0.346612215,16.29227358,1.526882285,62.54007606,1.720131745,23.07463865,15.76166879,5.205428063,9.957846403,75.0236719,9.152995812,6.123371817,5.448965222,8.660583088,5.487834831,0.139194522,6.477401771,11.71014696,3.31464282,14.56399553,13.37408735,3.802433001,9.387438114,12.85039982,8.285166801,0.846450478,4.704118636,0.067300798,10.23510471,0.533878018,3.970359771,10.34525902,5.928883303,1
R_JS024_FPKM,29.88711627,9.758219222,25.71704888,20.97948786,6.718263568,6.136953541,0.68822252,35.54681321,6.235060856,0.0,0.268289734,13.53201535,1.238454985,48.00342009,1.515542972,25.18190383,15.32008834,4.43074607,6.290123383,62.54793207,7.57011919,3.987789013,4.099016434,6.47076112,6.389371717,0.082630648,6.224461024,14.36562253,3.543819351,13.30830914,14.39675682,3.222169509,6.830564921,15.91995927,8.68875821,0.742714375,5.24124425,0.020235759,6.728701295,0.336317298,4.036094774,11.31976066,6.547137783,1
R_JS025_FPKM,39.7546998,10.30283952,26.99882273,20.70237067,5.915628027,6.134329217,0.531029457,41.85876855,4.560302454,0.061959018,0.267233911,13.35903005,1.445502456,35.14330951,1.652124355,27.92632905,13.47587707,5.061960148,6.454749271,70.37607766,6.836444841,5.023463338,5.200530152,6.725625035,5.715966673,0.043713304,4.856438381,14.36847185,3.689742504,17.30555425,11.42108667,3.20791859,8.779671457,19.54725953,7.948141572,0.687682272,5.023836432,0.043716073,10.9073645,0.474885222,3.408826733,8.335620592,4.766194486,1
R_JS026_FPKM,37.12366598,11.48174457,28.74195147,17.27815728,5.877584323,5.749253614,0.508402757,38.85574011,4.458842633,0.079083341,0.263050761,14.36514595,1.229263191,38.4230274,1.548614903,19.79924469,12.52428285,4.871551584,9.091904447,62.61466308,15.30768366,5.851014124,5.112973937,5.736027558,6.293224646,0.041856,5.60172413,14.57969152,3.767108664,12.51580451,14.17847262,3.5188956,9.356315551,22.7228419,10.33531234,0.675253468,6.723769994,0.038862642,11.06010177,0.402471537,3.698676518,9.461905116,4.894065231,1
R_JS027_FPKM,44.83687703,12.30939044,23.53049284,15.96426573,8.096007423,11.05238979,0.850462003,37.68636014,9.523915546,0.186022288,0.353200455,12.16824356,1.224598932,64.11549824,1.50494249,23.40294827,13.87562498,5.101589969,8.271125324,71.40082983,7.857340486,5.552543325,4.704638325,7.694859229,6.543924891,0.0,7.55518454,14.4319288,3.362796142,15.27688795,12.76428202,5.272872174,9.627136334,23.17449279,9.823434011,0.54273865,6.067726934,0.00703165,7.340829431,0.555212006,4.814846575,13.92133436,7.200370922,1
R_JS028_FPKM,40.00142079,13.22036913,32.48968197,16.07665712,8.000183102,10.48272021,0.968616102,33.54370664,6.482088295,0.056500596,0.360440603,17.31491219,1.48037611,65.6272961,1.651799944,25.46075505,13.63947845,8.285884493,8.255261905,60.49854534,8.930893629,7.600755316,4.582349501,9.428687658,9.931090594,0.089711267,7.524336127,13.52701537,4.37099684,17.07633912,15.31966352,4.964367212,10.79000365,20.65292348,11.21602333,0.627190256,5.516991919,0.025630825,9.141592943,0.809424853,4.801628218,12.18100818,6.643027259,1
R_JS029_FPKM,43.17123028,11.86557027,28.08098005,16.56240703,5.855252931,7.936977437,0.519564664,32.74377799,5.406935183,0.037888281,0.129471298,19.46426143,1.511132825,55.78381763,1.629615095,16.29900258,13.99614735,5.074243113,10.00428892,68.17226483,8.665263177,5.786528049,5.450119228,7.220061505,5.872410912,0.060148797,5.850238279,11.87497795,3.771737575,15.31004499,15.21950491,4.169400264,8.592859354,15.38304172,5.256913237,0.646985682,5.000188565,0.014321551,11.63259946,0.514163675,2.895266662,9.667218552,6.025880958,1
R_JS030_FPKM,29.10461507,12.77009099,13.77464045,14.41495612,7.289833013,9.424430724,0.479065826,27.6455175,6.283575945,0.139712621,0.361986938,13.57849877,1.069355868,64.01310833,1.416496059,12.3562318,13.11333813,4.21481482,8.641401894,58.88050071,10.41731921,4.721295146,4.004766255,7.948595321,6.298413042,0.052817801,6.645251379,16.75059742,3.217670797,10.65094216,11.25961723,4.764041605,8.555331768,14.6814785,8.455412058,0.494257695,4.608151159,0.018108278,7.53468461,0.639606434,5.07656862,6.611913143,5.753037079,1
R_JS031_FPKM,27.59757449,11.86207789,22.33785788,14.50930733,7.320940211,6.951965887,0.381157014,29.91684769,5.771548341,0.066693135,0.455878491,10.45746677,1.373677556,54.31816395,1.510790507,14.02871544,14.87390459,6.589646103,10.74349251,52.17717689,11.74292343,6.667001518,3.896439493,6.671796849,7.384743458,0.070596609,6.204933731,15.39815458,3.840529148,13.0196301,10.49821765,4.299520952,10.8552718,19.11300712,6.117836354,0.360695138,7.193279359,0.01008485,8.604748694,0.586705003,3.697209072,11.48756496,6.85471983,1
R_JS032_FPKM,39.5188165,10.37789815,43.04572735,18.22643765,9.985038161,8.878498069,0.498497771,30.29549729,5.967323849,0.0,0.246290505,13.94656396,1.531746827,53.12159116,0.778700724,26.92524186,15.37983578,5.776770017,7.835342814,51.42347895,8.368651569,4.870393427,4.577052959,9.828020167,9.303371918,0.045261826,4.846470079,19.3286179,5.148192431,17.31326256,12.02237008,3.935321841,8.812187306,23.0035699,14.28084437,0.233682521,6.524927901,0.0,7.288008412,0.53521087,3.273206487,5.957148052,6.576187583,1
R_JS033_FPKM,28.15287181,10.36640004,18.78679908,14.2896111,6.672163553,10.36423709,0.801335389,36.09257837,5.939922063,0.063742273,0.327234252,11.55622658,1.021972261,61.7436393,1.586052506,20.15072737,12.21857079,4.649930586,9.083961347,57.20526143,8.981395908,6.395234213,3.8817465,12.11743594,6.998501762,0.067473037,6.29104615,13.65159275,3.060879533,17.31207603,7.964711116,3.829847314,10.61923727,19.12283627,9.449291551,0.199566938,5.256867842,0.01606332,8.96690183,0.680843634,3.546279759,6.126017603,4.998745449,1
R_JS034_FPKM,32.97787013,13.63258921,21.04397469,19.14405712,6.390226948,6.288603539,0.546187426,34.59728547,5.847468327,0.039829985,0.277642784,9.366006417,1.549560912,63.81855176,2.439588623,13.34504363,12.06475145,5.761507314,9.801037625,51.8065239,12.12573331,7.355117687,4.260908112,5.862177598,6.448630056,0.021080594,6.572871241,13.62352573,2.724182069,10.2634708,12.78524268,3.571218326,10.4271413,12.15367144,13.02649765,0.221032511,6.393088414,0.042153268,10.47137676,0.638073246,2.885237075,7.309247501,6.877675713,1
R_JS035_FPKM,25.72216553,16.82947781,17.18994043,12.99283321,9.040337004,8.35145014,0.86266884,31.28989801,8.070590843,0.0,0.358047608,8.714693788,1.044439659,79.34986571,1.956552808,25.53467686,5.29509787,5.413923536,7.405451788,50.87948182,8.424184049,7.170599841,3.929712305,13.26736545,9.080328725,0.020481647,10.47399231,15.73791413,2.92853196,12.99480433,5.956029391,5.206627123,11.98898281,18.15985897,10.86711888,0.181788351,4.77247766,0.040971381,6.494074545,0.671258041,5.797995768,6.804410519,5.981555387,1
R_JS036_FPKM,42.10271135,13.32391492,27.10092676,20.24667928,5.663811258,6.617832673,0.640288436,38.58856727,5.870426128,0.035572186,0.418166394,18.71860395,1.411847698,59.98766717,1.911066059,16.05977622,13.52209804,6.109123883,12.97131125,81.11849869,10.76339034,6.65911824,5.891490297,6.475379115,5.53823061,0.084711516,5.971510956,10.10927466,4.027916671,12.83926868,17.93517914,4.317394313,9.970162662,11.05772524,11.14448014,0.865614774,5.136183011,0.053786696,14.99630446,0.489447922,2.718368854,9.587077301,6.213541046,1
R_JS037_FPKM,31.88775168,11.7167405,14.82346936,13.54753443,8.094686808,10.43998657,0.61879695,32.60028888,9.460159313,0.067681755,0.351556222,11.09336359,1.102729578,77.59185256,1.185598233,20.09038078,10.15868764,4.778078313,9.361337237,61.9830366,9.3189222,6.183254098,4.550905934,11.42200259,7.836630354,0.023876448,6.999196902,17.39546713,3.242484361,16.47936214,8.468855286,5.220896985,9.348161223,21.49407585,10.36377372,0.847555368,3.472128582,0.034111855,8.926878882,0.561306318,4.482485746,6.601777735,5.170373498,1
R_JS038_FPKM,29.60616676,10.27110677,24.2752543,16.0963962,7.686061074,9.017486928,0.69581338,32.28881444,5.219240316,0.021361931,0.253078183,9.072103976,1.369986086,58.38060038,1.601772042,17.61482673,12.68591518,6.988618289,7.13760472,48.97324535,8.010696913,5.507821527,4.159782374,9.053606875,6.770249791,0.045224442,6.900044633,16.27532304,3.774590709,15.7232903,9.229000448,4.924431204,7.857462598,20.17641693,9.487810851,0.310093285,6.292828241,0.025841565,7.33462919,0.467086424,3.891934248,12.93684944,6.549109994,1
R_JS039_FPKM,45.60537424,12.34001929,29.08154449,15.1252201,7.366673679,13.70759514,0.728346605,35.82477311,7.82612362,0.03861766,0.392463518,13.86929662,1.185652002,54.16209636,1.389869396,32.07025376,14.02520154,7.951557546,13.5296604,68.79916429,8.777596263,7.555457193,4.25916832,14.19972126,7.857787095,0.040888401,7.058625294,15.70357241,2.400105674,21.36050487,11.6135457,3.760887385,9.503381576,17.90047669,11.98779247,0.659590832,5.609010685,0.029200404,7.250792481,0.677068147,3.483015885,8.737144345,5.98287212,1
R_JS040_FPKM,42.65570487,9.54594597,17.52148677,15.2306823,6.61223377,8.777407666,1.306189909,32.02728322,6.382655677,0.320801888,0.285051095,15.78983411,0.815444384,45.12685121,1.416193394,22.15972295,11.58934471,5.820780544,6.555379419,58.34779862,6.226636004,6.720639809,5.102085566,9.609985061,6.854135651,0.010611152,5.283436059,11.55758438,2.346504657,18.56404346,11.11466631,4.140854901,8.925758787,15.30794496,8.564239661,0.924524957,4.778324997,0.045477681,8.473540736,0.823910655,3.150432453,3.820067649,5.545313155,1
R_JS041_FPKM,31.39081313,9.981924009,26.0676365,18.21494115,5.825172682,5.703239505,0.532976389,36.27535398,4.869226267,0.041450733,0.55910125,17.39638448,1.63723883,47.32723427,2.372821714,15.27776984,16.3729105,5.538831149,8.712490903,67.67594878,9.169038899,6.122352131,4.983847397,5.040670144,5.134612408,0.065815197,5.079829397,12.17136362,4.776047128,15.47534057,13.38298871,3.088304301,9.896513367,11.8787112,5.362847359,0.601724967,4.870800807,0.04074292,13.60342245,0.593832898,2.939835767,10.87774215,4.976515787,1
